01000001010100010001110011010011
11000000110001110000000011110101
01000001000110011011001111110010
10111111110011110101101000001010
01000000100000011101110000111101
00111111101100001000100101001010
10111111001001011100110011101000
01000000001011010110111000000011
00111110001011111000101011101001
00111111110001111011010001110010
10111111101001101101111101000011
10111111100001000000000001111100
01000000010111101010000111101001
00111110000100100110101011011101
01000000000010101001101000111000
10111110100100111010110001101010
10111111111011011110010100000001
01000000011011101100000011011111
00111111100110001010110000000110
01000000001001101110011101110101
10111111111101110001100101111111
00111111010011110101000000001110
11000000000101110010010010101110
00111111100010001101010110111101
00111111110001111001100010010101
10111101101100101101010101100010
01000000011111101000100001011110
00111111001000011001011101001010
10111111001110010100011010100101
01000000101011001110001111000110
10111111001110111101101110001101
00111101111000000000100000010001
00111111010100010000000110111010
10111111111001110111011110111010
01000000000011111011011110101111
11000000100101010010000010111011
11000000111011101000001001101001
11000000110011000111000101001000
11000000001100010111101100101000
11000001000001001011000110101001
01000000100010011111011101001110
10111111100011001000100010101110
00111111110010010110001000001001
10111111110000001111001011010110
00111110010000011110001100101110
00111111010011110100011110110010
10111111101001001001111100010010
01000000001000100000101000000010
11000000101101100100111001111001
00111110100110111011011010101110
00111100100000011001011000100010
10111111001111011110100001111101
00111111100001100010001111111111
11000000010001011110010110101011
01000000011000001010010010110110
11000000110001011100001110100111
10111011110110100100111011010101
11000000001011000111001001001000
10111111011110100110111111110001
11000000011001100101101110111100
01000000011111111011111010111000
01000000101000101001100110001111
10111111101100110100010111011111
01000000000101011011111000100011
01000000101100000110011110101011
01000000110000110000010011010110
01000000000011011000000010001100
10111111100101111110000111111000
01000000010111000111000001011011
11000000101001000010110100000011
01000001001010111001100101101001
11000001000001110001100000011011
01000000000111001111101101100100
01000000110001010000101010011001
11000000100101101101110111100000
01000000010101100111110111111110
01000000000001101100100110000110
11000000100001110001000000000000
11000000110101110001110111110100
01000000011100000101000100011001
11000000101000110110101111111101
11000000001011100001101110111110
11000000111011010110100111010000
11000001000001110001100110110111
01000000001101010010110011111100
11000000110001100010111111110010
01000000011010001001001111010111
11000000101010011010100001010101
00111111111011000011101000111000
10111111110011011010001111110111
01000000100100111111000110100101
11000000100001011011101000110000
00111111100000101000000000001010
00111111111010110110101110000011
11000000001110000101110110010100
01000000110101010001000110001011
11000000000010011011110000101011
00111111100001100101001111000110
00111111000011000010111011001111
11000000001101010110011100111111
11000000111001011101110101110100
01000000000111010110111000110111
10111111100010100110010001001111
10111110100011111001100101101000
00111111100101000000100100000010
01000000001100100010010001000000
00111111100100110011111000011000
10111111001010100011111001101101
01000000100111111111111101100001
01000000001010001011010001001001
01000000101010100100111100101101
10111110000011000001001110111001
11000000011001000101101110111001
11000000100100010100011000110110
01000000100010110111111001001101
11000000100011000111100110010010
01000000110001011111001010010001
11000000100101101010010100001011
00111111100001100000100000110100
00111110101000101011010101111101
10111110101001101000011000110101
11000000010000001000001111010111
11000000101011101111110001010001
01000000000000101001011101011000
11000000010110101010001000010010
00111111000100100100000101011011
00111111101111100100101111101001
00111111101001101000001110001011
01000000100000100100101101111001
10111101111101101111011101010100
00111111101111001011010001101001
00111111101111111110010010011100
10111111000001010110100011100011
01000000001011101001001110101010
11000000100000111011010010000000
00111100010110000101101101000110
11000000110111001010100001011010
11000000100000001000011100010100
00111111001011111011101010000100
11000001001111011111110110110000
11000001000100000001110111110010
11000001000110000001011101011100
11000000110110110001110101111110
11000001001101110001100001011110
10111111110101001101111001100111
11000001000000101010010110101011
01000000001100011110010111100011
11000000101010010000000000010110
01000000100111110011111011000001
11000000000001001101010010001100
01000000110101001001010000110001
11000000001110100101011000101110
00111111110000001111101111001110
10111111100010111100000011000100
00111111011101110110000111011111
01000000000100101110000001110110
11000000100001001110001110110101
10111111000010010011101110101101
11000000000000111000110101011111
01000000011001100011001011111011
10111111010010010010101011100011
01000000100011001101101110100000
11000000011101011101101110101001
01000000000101000001011000011100
01000000011100100011010110000010
11000000010110100011011010000110
01000000001101111000110010000000
10111110011100000011011100010111
00111110111011110001010110011111
10111111110011111100100000011001
10111110010001110111011000101000
01000000000100010010000000010001
01000000000000111101000100101011
10111110001111010010110001111110
10111111011011000000111000100111
01000000010001101010010010111000
11000000100111100101010100100111
00111111000111001011011001000101
11000000101001001110010101111001
01000000001000010101010010110110
11000000100000110011101101000010
01000000010111011110100111100010
10111111001000111010010101011110
10111110000100111100001100000000
10111111001110101010011011110011
11000000001011011010011110110011
01000000001101011000011100001000
01000000001110000010010111111010
10111111110011100000111010001000
01000000101001011101101100100011
01000000111011010101100010010000
11000000000010001110011101101000
10111110011011111101000010110000
00111101000011111100001000100010
11000000100011110010111101100010
11000000001101111110100001110101
11000000101010110001110010000001
10111111001110111101000111010011
11000000001001010010110101010100
11000000100011000101011001010100
10111101111011110100011111010010
11000000100111011010111111100101
00111110100000110101001001111011
11000000100000011101011000011000
10111111000000111110110011110101
10111111111000100010000001001000
00111111110001011110000111011010
10111111100000110110101100011010
00111111101010010100011100010010
01000000001011010010110010101011
11000000110100000000001010111001
11000000101000011001110100011011
11000000110001011000010001010101
11000000101000011101011001000000
11000000100111011110110000001011
11000000100010100010101011011101
11000000100100000010001010001001
11000000010100001101000001100111
11000000001011011001011001101010
10111111110110110010100111111111
10111111000100101001000000001010
10111111111100010101111000000110
01000000001010101001000101010010
00111111000100110010111101010110
00111111110111110000011011011011
00111111100111101110111010101101
00111111100101000100110111101010
01000000000100000000110010100110
10111111000011111010100111011111
01000000000101001100100010111111
00111111101001110110100100100110
01000000000100111111100111001110
00111111010011101000111000100111
00111111111101111110101010011101
00111111001001010011000110000110
00111111100101010111010100010100
00111100100101100111110110111111
10111110101101000001000000011100
10111110000001001000000110100101
10111111101011000001111101100001
00111111000011011100101101100100
10111111111101101100111100001011
00111110100100111000000110101111
11000000000001111000111010101111
00111111010100001101100100100111
10111111101110001111111011100111
10111101011100110000000011110111
10111111100010000111101010110110
10111111100111111111001100100001
00111111100100000111000000101100
10111111011000011111100010111110
00111111110101011101001000111100
10111111101001111001000001011111
01000000001000110000000101111111
00111110101100101000110101100000
00111111000100001100000011011110
10111101101010100000110101110001
00111111110101001001111011111000
00111111100111100111101110011110
00111111100111001000110110010010
10111111110100111101111100010001
01000000000010100011111111000011
10111110101011101000101111100010
00111111111011101011110011000011
10111110101100010001011011100110
00111111111010110100110001111011
10111111000010011110100000010100
00111111101101110001110111011010
10111111011101100000010110000010
00111111110100010010110001010010
11000000001000001001001111110110
00111111111110100010110100100110
11000000100000101010011110111011
00111111111101010000101000101100
11000000100111101011111000111011
00111111110001010111100110101000
11000000101110101011011101110101
00111111100001010010011011000101
11000000101011111100101000011110
00111111010000010110111011101001
11000000010101010110010011000111
01000000010101110011100111101111
11000000011100000010100010101011
01000000100000111101001011110110
11000000101011001001101010101101
01000000100100000001100011101010
11000000000100111001011111111010
00111111101101101100111001011011
10111111100011010001000100011010
10111110111010010010101101010110
00111110011101110010010001001001
00111111001000010001100010110110
00111110101001110111010110101100
00111111101010001011001000010111
00111111001000011100010111001100
10111110100011000000101010111011
01000000001001110011001101001001
00111111001101100110100011101011
00111111001110110101000010110011
10111111111101111110110000101100
10111111110100001111000110100000
10111101111010011100100010010010
10111111100100100001100111010001
10111111001011101110101111110100
10111110110101101011011001110101
10111111100100101000100100110111
11000000000111000000000000110010
10111111011000011100010100100010
10111111000000100001010010011001
11000000101011010110011001011100
00111110101010101111010001110111
11000000010111100110100110101000
00111111101110001011100111110001
10111111100001001011111101001100
00111111110111010101011110101001
01000000000101010111110101011011
00111111110100011010011011010000
11000000000001100001000100000100
00111110110000110000110100110001
10111111001110010011110011001010
10111111111111110111111110110110
10111111101011101010010111010110
10111111101101001011010001100100
10111111001100110010101001111100
10111111111101100001110001001100
10111111000000111110000100000111
11000000000000111011001100000100
10111111110011110000011011110001
10111111000010011101010000100111
11000000000000000010101111000011
10111111000001010010101000000000
10111111110001000111010000110101
00111100010010111110000010100000
00111111000001000111000001000100
01000000010001110100110001011101
00111111101011010101010001001000
01000000001000111010000101101111
01000000100101100101000001110011
00111111110100010101101111010111
00111111101001111111111110100111
00111111101100100000011000000101
01000000000001011110000000010011
00111111100000000111000010010010
01000000011110010011010100111001
00111111001011110100111100011001
01000000101010101011111010011111
00111110100100011000100000111100
00111111111101000010011001101010
10111111110000100011010100101010
10111111011101001011011111001000
11000001000001000110000101001111
11000000101110111101001000001010
11000000110110100001011001101111
01000000100000011011011100110011
10111111100110111110101110101110
01000000100011010101011011111110
11000000100111111110100001001110
10111110100100011111011111011011
10111110010011100110011010110001
11000000011001111101101101100001
11000000011011010101101111110100
00111111101011111001010001101001
11000000100100111101011110001110
11000000100000000000001000101101
01000000100011111101100000001001
11000000101101100000110100001101
10111110110001001011111111110101
00111111101000100100111100111101
11000000100100110011100100101110
00111111101110010111010100101001
10111111101110010001001101100000
01000000110011000010111101001100
11000000010110000010100001000000
00111111010011000001011001100000
01000000000001110101110100110100
10111111101001110010000111011111
01000000010011011010010011111100
11000000011000100011011110100101
01000000101000111100110101000010
10111111011101100110011110101010
00111111010010000100001011010011
10111111000000101100010010011010
11000000100100001101001010001111
11000000111110000111000011110101
00111101111100110010110001101001
00111111111110000001111000010010
01000000100001110101110011110000
00111110111001101101010000110101
01000001000101011100001111101101
00111111001110100011000001111100
01000000100000001001000011011110
10111110111011010110111000010110
01000001001000000101001011000001
00111101101010100001111100110011
11000000010111110111110001011110
00111111010100011101000000101001
01000000110010010001000100000010
00111111101101100010110111111001
01000000110000110111010110010110
10111111001001101100000101100010
11000000001100001101111100001000
11000000001110000010110000101110
01000000001000001100100010101101
10111111011010001010000000111011
11000000110110000101100100011010
00111110111111011000011011001101
10111111011101010010111000011000
00111111100100111100110010001000
01000000001010101011011100010000
01000000101101010001110001101001
00111111011010101111010100111100
01000000111010100101100000010001
01000001000000001111111000100101
01000000110000111010011101100000
01000000100111010110010100101010
01000000001010101000110011101000
11000000111011111010111001101001
11000000101001000111100010111101
10111111111111101000110011001100
11000001011100001010100010010011
01000000101011001000011111000101
11000000011101110111001100110000
01000000101110110010000100000100
11000000110100100000010001000101
01000000011010001000000111011110
11000000111000110110100101000100
00111111111111011000101010010000
11000000101111101011100000100011
11000000001010001011101100111101
10111110000111110110001111111111
10111111101100100101011111010110
00111110010101010010011100000011
00111110011111000010010101101100
00111101111101011111000101010111
10111111011100000101010110111000
10111111101110001100000001110010
11000000011010001001111010110101
10111111001101110001011011010000
00111111111110111100110110110000
11000000100000011010101111111010
11000000001110000010110101010011
10111111001100111101001000000100
10111111111001001010101110000000
10111110100010111101011101101100
10111111100010010110100001010110
10111111000000100100011100100000
11000000011011011010001101111100
10111111110011000101010111100011
11000000101000001101001010010011
10111111000110111010100111011111
11000000010000111010111100010001
10111111110111110111110101101101
10111111000111100010100011110111
10111111000000010001000101000100
00111110111000000100110101100010
10111110100010111000101101001011
10111111001010011111011000000110
10111111011100000110011011011101
11000000001011110101100001111010
10111110111101000011111011010110
00111111110001010100110000010010
01000000010110010000011101001000
10111111001111001100111011100100
01000000010111001111011110110001
10111111100101100111100101101010
01000000011011100001100100101011
00111011011101101100110011100001
01000000011011110000011100001110
10111111101100000000111111010000
01000000011101101001110011111000
10111111111101100011100001101010
00111111110111000111011110110110
11000000100000011100001001111111
10111111000011101110000101011001
00111110111100000010101001110111
00111111001101101001111001101110
10111011010100101001111101001110
10111111010011000000101101001110
01000000100000100010101011010110
00111110110101011011100101010110
01000000100110011010101001101001
00111111010101000000100111100111
01000000101010100100110111010001
01000000001110010100101101101110
01000000100111011101001110010100
00111111111011001001101011010111
00111111011110111100001011111101
00111111101110010111110110100001
10111111110011010101010100100110
10111110101100111111110011100010
10111111111010110010011000010011
01000000010110000001010001100001
10111111110010010101001011000111
01000000011111111011000101000111
10111111101010101100010110010100
01000000100000010110101110001101
10111111010011101000110010111011
01000000010010011100011010100011
10111111001000111000110101100101
01000000000101101001111101011011
10111111101000110110001011001011
00111110000001010000111111010010
10111111101110011011100101010110
10111111101111110111011001000001
10111111111011010000111011110000
11000000001001000101000011111110
10111111110100111001011010011110
11000000010010100100110000111011
10111111111111011010111011001000
11000000011000111011000011011111
10111111111111110100000101111111
11000000100000111011100111010010
10111111110101101011000010101001
11000000001101110110100010100110
10111111100110100101001001000111
10111111111111101101111110101101
10111111010111100010100010010010
10111111111001010010101111011001
00111110000001001011111001010010
10111110100001010010011111111101
00111110110001110100110001001100
10111110000001101111010101010100
00111111000010001101010011101101
00111111000111101010001101111101
00111110111100110101100110110000
00111111001101110101010101111011
00111110001000110100011010001000
00111111110010001010010010001100
00111111000101000110110100011111
01000000000110100001110101001011
00111111100000111011110101011001
01000000001000111110100100000110
00111110111011000110010001001110
01000000001110101000001101001001
00111111001000111000000001001111
01000000000011000111000100000000
00111111000001101000100100010001
00111111101001101100101010100111
00111100101001101000100011110101
00111101101100000110010011101111
10111111001001111101101101010011
00111100010000101000111000101100
10111111011111000100101011011100
10111110111011111100010110101001
10111111101010000011001011010011
10111111001101001111011000010000
10111111100100110000011111100100
10111111010101101011101001101000
10111111100001110100101111010101
10111111100100000100101010100110
10111111001110000000111101010100
10111111111011110001101101100000
10111111000110101101000101111001
11000000001010010111001101101010
10111110100100110000111010100010
11000000011101111000111011110001
10111111111010101110110011110001
11000000011111110101101101001111
10111111001000111110011001011101
11000000011000011001010111011100
11000001010101001011100000101001
11000001100110010011010001110011
10111101110000101010111101101111
01000001011101010101010111100101
01000001010111001110000110010110
01000001001101100010010010001000
01000000101011101010111010101110
10111111111111100101101000110101
01000000000101010001010101000110
10111111110011011101111001100011
11000001000011111000100000011110
00111111000101000011001000001111
01000000010010011001001010001111
10111111111111001001101110100000
10111111100010110110100111010011
10111111110110000110011110000011
11000000100001000110011000011011
11000000101101111011111100110101
00111110110101111001101101111001
00111110111101000101001010100101
10111111110100100000001101110100
00111110101111111101100011000100
01000000111110100001000111011100
01000000111110111000100011111000
10111111100010111111010111001001
11000000011110100011110110100001
00111111110001001001101000111011
01000000100101101110000010111010
11000000100000110111001010010100
11000000101010101110000000101000
00111111010110101001100100111101
00111111100010001101110111001010
01000000010111111011001100110101
01000000010001110000111010001001
11000000100110010011010010110000
11000001010011001100000010101011
11000000011100101010110110011001
01000000110110010001000111001011
10111110100110101010111011110101
11000000011011000110110000110000
01000000011011000111111000101000
01000000000011000000100010000010
00111110010001010010001010011010
10111110011001011111101111101111
01000000001101100100010010100111
00111111101111111110101000001001
00111110011011000101010010010011
00111111100011110111011100110000
10111110101010110111001011100101
11000000000111000000001100100000
11000000001100100101111100010010
10111111111100111010101101001111
11000000000110011100011011011000
01000000001111110111010001001000
00111110001101011110110111001101
00111111111111010011110101011011
00111100111011001011010110011100
11000000110111010010010101010011
01000000010010111010110111000101
10111110010111001110101010011000
10111110100100000010111110101010
01000000101000100110100011111001
11000000111111000101010011100111
10111111111101101101001110001010
11000000010100111111101001001110
01000000000101001000000000000111
01000000010100010110101010111001
01000000110101010010011111011111
01000000001101000010110000011101
11000001000101111001100000010101
00111111000000010011100111011000
01000000000000010110010010110110
00111111000011110001000001101111
01000000011110110000001111011000
10111111001001000011001001111001
01000000001110111110111111100001
01000000011101101111100011110101
10111111000101100001000001010010
11000000000010110010011001110101
01000000100111000101010100111000
11000000001000110101111010010101
11000000001100100100111101000100
01000000000101000110111110100010
11000001000000100010111101010100
01000000110110001011010111001011
11000001010111100010011001110101
11000001000011111011010111001111
01000001000001010111100010110111
00111110111101101011100010111110
00111111111110110010010110100001
01000000101111111011100001111111
01000000101011001010011111000001
01000000100110001101001101010000
00111111001011000010000111100111
01000000001100011001100110100010
00111101001101110110001101100100
01000000000011010000000011001010
11000000100101010100000000110001
10111110100001111000101010010011
10111110001011000111010011010010
10111111101111000110111111000110
10111111000011111111010000101101
11000000100110010010001010010101
00111110011111100101100000001110
11000001001110001010101110111111
01000000111000011111100000011101
11000001000010010111001101000111
10111111100111111100011000111010
10111111111010010101100111110110
11000000001101111111011000010110
11000000001100000111000110010000
11000000100110110111111010010001
01000000011010001001101100001001
11000000011010000111010001000100
00111110011111101001011111100011
11000000000101011010111111110101
00111111101111010001101001010011
01000000010000111101011101011001
01000000001110101100111101011001
00111111101111001010110001001011
11000000110110010000011010110011
01000001000100111000110110000111
01000000010100001110011101100010
11000000100001111000001100100111
10111110100010001000101000111110
10111101101111000001100100000000
11000000010011101001110101101101
10111101010011111000110111000111
10111100110000100100111100010011
11000000000010001111000100010110
01000000101010100111010011101000
11000000100111111100111111100111
01000001001000001100010100111110
11000000101010111110001101001011
01000000111101111001000010001010
11000000100100000100000010011101
00111111010011010110100000101111
11000000001101000101110010010001
11000000111111011011111110010011
11000000010010111101011001010110
11000000001111001001110011000010
11000000011110101110100011100100
10111111111001001100000000100110
11000000100101001001011110010100
10111111000100011101110011010100
11000000010011101100010010001111
00111100111011100111101010101010
10111111000001100010111100011001
10111110000100100100101101011101
01000000001111101101011100010101
10111100100000010010101010111101
01000000100100110110110011101010
00111110101110010111011000110011
01000000101000010011010010000010
10111111000011000111101111001100
01000000011100010011110100000000
10111111110010001111000011110101
01000000000100101010001111011110
11000000000111010011000100011111
00111111000100000110011000111010
10111111100101010001111100111100
10111111000000000000010010000110
10111111011100110001110010011101
10111111101101000111011110100011
00111110110110001011101111110001
10111111110110100010111101101111
00111111100111101001001110010111
10111111101111000010000011011110
00111111100010000101101010110011
10111111110011110001111011100010
00111111101000001110000001000101
10111111110000111010101010001101
00111111010100000100001010011100
10111111010011100101000111011001
00111110100010110000011010010100
10111110001110011110111111001100
10111110111100110010000010100011
00111100110100000001011111000111
10111111100111000111010111001100
00111110110011000010000010101001
10111111011111100001011011011011
00111110100000100000000100011101
10111100111100101110111001111001
10111110101011000111111110110011
00111110111100000011101101111111
10111111010010101001111101101111
00111111100000011001101011101110
11000000000011001100010101101101
01000000000111100101111010101101
10111111111011101001100011001010
01000000001100111100011001110010
10111111010110011010110101001010
01000000000110011001011111011111
10111110101010100011001101100111
00111111110100000000010000111101
00111101111101000001111110010101
00111111011010101010101100011101
00111110100001101111001100011101
10111110100110111001110010011000
00111110010000101111100001011100
11000000000001000111000101111101
00111101111000011011100101010001
11000000011011001101100101110010
10111110010101001101110001010011
11000000101100001011000100010001
10111110111100111111101101010100
11000000101011100100010011001111
10111111010011111010111001011011
11000000100110111111111101100111
10111111011110110101001001011000
11000000101101100101100010110100
11000000110000101011001000100010
11000000100111011011101110110111
11000000100000000100000001111100
11000000100001010100101101000001
11000000000000101000000011100110
11000000010001111011000110001010
10111111010000001110101001001011
11000000000010011010000011011001
00111111010010000100010001001101
11000000000110010101010111111111
00111111011000001101000111110001
11000000000110010110100011110110
00111111111110001100011000000101
11000000000000100100011110100000
01000000011010110101100010101010
10111111111000111111101010101110
01000000100000111101110000111011
10111111101000011010111000011011
01000000011011010001001010000010
10111111100100101100110000010111
00111111111110110110111111001010
10111110101111000011000010100100
00111111111000011000010001111010
00111110111011011011111101011101
00111111001000001010011110010000
00111111011001011011011100100011
11000000001100100100011010111001
00111111100100000111011110001100
11000000000101100011010111101101
10111111011101110110101101011010
11000000001100010011110101111101
10111111010011110101110111001010
11000000011010111110001011111000
11000000010101011101100010101000
11000000101001101110101111110011
11000000011110111000001000001110
11000000100111011100101111101011
11000000100110011010100101101000
11000000010110110111100001110110
10111111100100110111101111101000
11000000001100101101110010000101
10111110100000110111011101010001
10111101111001110111101101101100
10111111100101101001001110100100
00111110110011011110001110001000
00111111000001010100011001011101
00111111110000110101111111001110
10111111111101011111101011011001
00111111101010110011001110001100
11000000001001101001001011010001
00111110001011010010010101101001
10111111111100000010100100110010
10111101100111010010100011101100
01000000100101001000010010111011
00111111011101011001101011101111
01000000110010101010100010011101
00111110101101110101100111100100
01000001000100011001010001000000
00111111000100001100011110010100
01000000110001000001100111011011
10111110110110001100010110110000
01000000010110011010011110010100
10111111001011000110010011111110
00111111001011100101101110101111
10111111111110010111001111100111
11000000010001111100110011001001
11000000011111101111101110110100
11000000110011101010101000010110
11000000101010101110010000011011
11000001100010110100000011011000
01000001100101101010100110000111
11000001100010000010111000101110
01000000000000010110010001111000
11000001011001001101111011100111
11000001000000010010111110100101
11000001000000101000100011010011
11000001000100101010001001010001
10111111110010000101100001011111
11000000011110000111110100010111
11000000010010001101011010101110
11000000100001110100001010010010
01000000100101100100111100001000
11000000110111111110101000111000
10111111011000001010000011011101
00111111101010101110001111000101
11000000110100101111011101001010
01000000001100100111001001010001
11000000101000110011101111100010
00111110010111100010000110110011
10111110111110000100001001101100
10111111011010010110000110000111
01000000011001111101100101000110
11000000001010111000010000010110
01000000010100011110100001000010
00111111110011010011111001101100
10111111100111011100000101110011
10111111110100110010101001100101
00111111110110100000100110111100
11000000011111110111110100111100
01000000001110101010111001101110
11000000010000000010110001011100
00111111000001101101001001000100
00111111001010010001000000100010
11000000100011001010001100011100
00111111001101001010100001100111
10111111010101110111101111001001
00111110101111100100110111100101
00111110001100100111001010111011
01000000010001101100101001010111
10111111011011111000001101111010
01000000000011101110110111100100
10111111101101111110010111011111
01000000001001001011100101100111
01000000000011111001100101100110
00111111100001011010001010010110
11000000000100000110010101110000
01000000000111000010110000011100
01000000000010110110101010101010
11000000100111100101111011110111
11000000011000011011111000111010
11000000011011010100011101110010
01000000010010011010110111010001
11000000110010101100101000011000
01000001000011100110101010101001
11000000110110101011001011001110
00111111101001000010000110011110
01000000100110100000010111110111
00111111101111111001010100111000
01000000110011010100110001100110
01000000101011001101011110100100
01000001001001011000101111000010
01000000111000110000110001110110
01000000010100010100101100100111
01000000111011110000110111100001
10111111000001101100100000011000
01000000110010111110100000010111
11000000011111000111110011100110
01000001010110000100000101100011
11000001010000100011110100010011
10111111001010001111011001101100
11000000100010010001100101001010
10111111000000001011010000101001
00111111100011111011010111101000
01000000010100111011010010011010
10111110110001001100100000010100
10111110011010100000011010110010
01000000101010101010010101101001
00111111110011011110001110110000
00111111011111000110011110111101
00111111110000000101011000101101
00111110001111101010010101100100
01000000100101100001110000100101
11000000101100011010110100111011
01000000000000010011100000011101
11000000001111010000100000000010
11000001000100111111111111101101
01000000101000000111101110010010
11000001001101000001000101011010
01000000111101101101100000111001
11000001000001010001010111101001
01000000111111100100010010101000
00111101010101110110110111001101
01000000100010000000011100101101
10111111000010101011010011101100
00111101100010000010110000000110
10111111010110101100001101110011
10111111110010101001010011100101
01000000000010000101110010000111
11000000100000000111010010110101
01000000000101110011111110110000
11000000011110000001100110101101
10111111010100010100010111000110
11000000001000100011111000101010
01000000000100110010100001011010
00111111001100100010100000101011
01000000110010110110001000011001
00111110011111110100000100011000
01000000100100010010000101011100
11000000010100100000100100111000
01000000101110010000100101000101
00111101111101001100000000011111
01000000100000001101011011001111
10111111111001000110010100111000
11000000001000100000001011011001
01000000010001111010100011010010
11000000100000001100101100001110
01000001000010110001010010111010
11000000101010010111000110000001
01000001000000101001000010011011
11000000100101110011101001000101
01000000100111010100111011111110
11000000011110010001100010110100
01000000100001001100111010111101
00111111100010101100101111111000
00111111111101101011010011100011
11000000010101101101100110000011
11000000110101001101101100100110
10111111001111101001101111100101
11000000101111110000000010000011
01000000001010010001000111100000
11000000011111110000010010010010
01000000100000001101011000110011
11000000000101011001011001101010
01000000100000110111110100101010
10111010111000000001000011110011
10111111111001101111010101010111
11000000000111101001101110111001
11000000011000111010000011111001
00111111101011001001001000110010
11000001001000010111000001011011
11000000110000100001001100111110
11000000111110100111010110011011
11000000011000010010001001000001
11000000100111011010111010011100
10111111100111110110110111110101
11000000011101110001111011000000
10111111100010101010100010101101
11000000000101110100001001010111
10111111100101011111011000101111
10111111001100011111000101101001
10111110100111001001111010011010
10111111110011001101000110111010
10111111101111001101011110110011
10111111110001111110010000100000
10111111100010110110111110000001
10111111100001100101000010110100
10111111001000010111010010101000
00111110001000000000010010001000
00111111100000001010100010110011
10111110100011110101000111111100
00111110101100111011111000100100
00111111001101010010010100000001
00111111101100111010011100111001
10111111001111001111111010011001
00111111001011100010100101101011
11000000011011100010111110000000
01000000000101100101101011100101
11000000100000100100100110001101
01000000001000010000001011000110
10111110001100001111101001000101
00111111000011011000111011001111
10111111111110011010001010000011
01000000000100110000111110000001
01000000000111111110000101000001
10111110000101001000000100111001
01000000001011101001011110010100
00111110110100001010100100100010
01000000101000111000001111011010
10111111110111111110001011000100
01000000101010110000100001111010
11000000000011111000000100001111
01000000001001110010111011100001
10111111110100011010000011001100
00111111011011110100111100101010
10111111010111101110000110101100
00111111101010000110001111011000
11000000000111000100110010101110
00111110011101101100000000100001
10111111000111110110011100100001
00111101100010100110001111101001
10111111110100110010100111010111
10111101001011001010010100011110
10111111111100101101001010101100
00111101110100001100100010110011
11000000010000001001001010001101
00111111110001100111010001110001
11000000010111100111100100010100
01000000000111010000110101011110
11000000100001111011011010011101
01000000010101010011101110100111
11000000010110000110111100110000
01000000100010100111100011100101
11000000010111001000011011110111
01000000001000000011000010011001
10111111101001100001111011110011
00111111111111101000011100001101
00111111000111000110101001000010
00111101111111110000010101011010
01000000100000001100111001110110
00111110111101010010010110010011
11000000111101101110101011111001
11000000001010111110010111000000
11000000100000001111100000100101
01000000011011000000111011100110
10111111101010110100110011010111
11000000000000110100010010010101
01000000010100010110010011101010
00111111101111101111110111011101
01000000000100101101000110011111
10111111001001101101111001101101
11000000111000001110000000100010
00111110000111010010010001111010
11000000000111110010110110100100
11000000000101001011011100110011
01000000000000011111111100011110
10111110101110100000001111001011
00111101110111011101101010100001
00111111110111100100100000100101
00111101111111111010010011000011
00111111100011011011100100010000
11000001000000101010011010111110
11000000000010101101110000000001
11000000011010001110100100011010
00111110100000011111010010010000
00111111111010111001101011111010
10111111100010111001101001010101
00111111101101001000111011000010
01000000100001011011111100000000
01000000101110000001110001110111
10111111110100010110000001100011
10111111010110110111001001010000
11000000100001101000110100101011
00111111110000110011110010101101
01000000100011000011110001100110
01000000110100000010011100111001
01000000110001001010010011001010
01000001000001101101000011011011
11000000111100110010110000111111
00111111101000000000101101111010
00111111000110101000011001100011
10111111111110101101011111100100
10111111101110010101010001011000
01000000100101110001001100100010
00111111010101111001110110000101
01000000010110100101111001011000
10111111111001001110111111111111
00111111110110001011110101001000
01000000100000011001100010000111
01000000101111011111100111010010
00111111101100101000000111110100
11000000010111001110111001101110
11000000001111010101010101000011
00111110001001010010010111111111
00111110101100010101001011001011
11000000011100010100000111010101
01000000101100001111110100101011
01000000110011110100101011000101
00111111001100001111010100100011
00111111101001001011111000110110
10111111110011001100000000010010
01000000000101110010010111000111
11000000010011100110000011101101
01000001011011011010001100101110
10111111100000111111011111010100
00111111101110011110101100101100
00111110110011011110101010111110
11000000111111000100011111000110
11000000000010010110001100010101
11000000111101111000000111101110
11000001010100011101001010001001
01000000000001111001010101111110
11000000111110010110101101100010
00111111111110011000100101101010
10111111100111010101101001010010
10111110000000101000101100100001
00111111111101000011000110011100
11000000000110100011100010110011
01000000000001110000110100110001
11000000000110101111010111101111
01000000011000001010110101101011
10111111111111010010001011110101
00111111011001100010110011010101
11000000010100001010111010010111
10111110111110101000001011011110
11000000011101010010111011000010
00111111111100111101011001110010
11000000001010111100010001100100
01000000100101000000011000110000
10111110100101001001100000111101
01000000111011111001100110100001
00111111101111010000111010110001
01000000001011100010011100001010
01000000000011011001111100011101
10111101111011110110000011111001
00111111110000111110100111100111
10111111011011011101111101101100
00111111110000110100011100100101
00111110011000100101000001110111
00111111100101000010010101101110
00111011010100100100010101010011
10111110100001010000111110010110
00111111001010010111100101010001
11000000000010010000101010001010
10111111100110011110101100010111
11000000010101111010010101111001
11000000101110011010001001101000
10111111110101100110010000101101
11000000110101011110100001101011
11000000000100010101101111001110
11000000100111000110011101101101
10111111100100101110000011000110
10111111010001100001111011000111
10111110101001110110011100001010
00111111010010001011110000101011
00111111000100001101111100111101
01000000101000010111011010111010
00111111110000000010001010111001
00111111011001100100000001111010
00111110111000100110100100111110
10111110001010010100111010001011
00111110111100110100000000011110
11000000010011110110110011011101
10111110100100011110111011111110
11000000101010110011101011111000
00111111001011001011101001110000
11000000010111010001111111110000
00111111100011010101111011011110
10111111110100000101101111010011
00111111100001101111110111110011
00111111111010100000000001011001
00111111110000110111100110110000
01000000011011011011000110000001
00111111101010100001101111000100
01000000101011110101010101010001
00111111011110100001011010110101
01000000101001101101110110001011
00111101100110011100111101000001
01000000000000001111011001110111
10111101101011011011100110001110