11000001110110100110101101010000
01000000111000001110111110000011
00111111001110010000100111110010
11000000110000010000100100000001
11000001100101110010010000100110
11000001110101100100100000000001
11000001110001000000111001110100
11000000011110000000010100011110
01000000101110001111110100010110
11000001000010001010110001100000
11000000001010100000110101000110
00111111101011000001001010111100
11000010001001010000001000100000
11000001100110100110110011011001
11000001100010100011001000000000
11000001111011111101110010110100
11000001010111000110110110110110