11000000101001000000001000001100
11000000110111000111011010010001
11000000110010110011000010111100
00111111111001100011000110000011
10111111111111011100011110000110
00111111011000000010100100111010
11000000101100001001101100110011
00111100001011111001010010110001
10111111111111101100010101100010
10111111011100100001011000110011
11000000010011000000110101110000
01000000010111010110001010001001
11000000000100111110111101100111
01000000001000100111010111010100
01000000100011101010101001000111
11000000100010000100001011111010
10111110111000101110111110011001
10111111001111000111010001010010
11000000111001111110011011100010
10111111000011000101010001010010
11000000100100000001110010111100
01000000001011100011001010000010
11000000011011110100111101011010
11000000010001011110001010001010
01000000010011001010100010110000
11000000011110011110000010101101
01000000100001010001010100100101
11000000011011001101111010001111
01000000111011110001011101001100
10111111100011101110101110011100
01000000010101000001001011011101
00111111000001010100001011000110
11000000101010101111101000010110
11000000101101101111101010010100
00111110111011101100111010000101
01000000011111011100101001001001
01000000000111001011111100011001
00111111101110000000000011000111
01000000110110110000000000001101
00111111110111110110100110001000
01000000010110001011100111000100
10111111001010000110010111010000
01000001000001000100011101011111
10111110001000111100011100100111
11000000100010001101100101001001
00111111000111111111100101110000
01000000100100110100110010111111
00111110100000111000101001100011
01000000101011001100100000110100
00111110110010111010001111011001
10111111001010001011111110011000
10111111101101100110000111010010
01000000101001000110010111011100
00111101100000010010110010110100
11000000010100001110010101000100
01000000000100100111000111010111
01000000000011101010110011011010
00111111111010100000101010110000
01000000000010011101101011000011
01000000011000111011001100000100
10111111101011010000111001010101
01000000100001101000101100000011
01000000001011110010100000001100
01000000000100111011101001100110
00111110101110110001001100010010
10111111110111001000000101110101
11000000111010000010101001100011
11000000101011110110101100010101
00111111100110101010100101011111
11000001001001011011010000011100
01000000100101001010010110010100
11000000101000000000111000010010
10111110111001010100001001011010
11000000111100100000011001000100
01000000010100110110100010000100
11000000111000010000111010100111
11000000000000000110000011100011
11000000000011010100011011001111
00111110110111110010111001111100
00111111101101111101101110001001
10111110111110011011111111001010
11000000111011110010100100101101
10111111011111001000001111110011
11000000001001010000010110111011
11000000011110100000110011100010
01000000110001110010000000110110
10111110100111010011101110011010
00111111100111111111101100110001
01000000010000101111000100000010
00111110111001101101100000001011
00111111101010100001110100010110
11000000000100111101100110010100
10111111011000001100110001000101
11000000100010011100111100101101
01000000010000101110101110011111
00111111111101110100110000011000
11000000001011111100101001001110
10111111110101001000010001010100
00111111101101010111101110010101
01000000011011111011111011011000
11000000000010101000111010000101
00111111100000000010011101110111
11000000100011100000100111000111
10111100111001101011100100000000
01000000100011011100011100101010
01000000011111000100101001011011
01000000101110110000000110111011
01000000101001011000011000010111
11000000111010000100111110110100
00111111000011110001000111001111
11000000000100011110111110010100
10111111000101011010100011110101
10111111011011100111011110010100
01000000100100011101101100111110
01000000011111110000111111100001
01000000011001101001000110111001
01000000101000010010101010110110
00111110100001000000110010100111
01000000011001000010110100010001
01000000110100110001011010000111
11000000000010110100000111100101
10111111111100001101010011011011
11000000100101001110101011010011
10111111000011000110101010100000
10111110011010001001101011110011
11000000011101111011101111101110
01000000101111010010001010001110
01000000111000010110000110000111
00111111101001010101000110111101
00111101111001100000001110110001
10111111000000001001111101110010
10111110100010001000111010000010
11000000001101110100010111111010
01000001000111111110101010110101
11000000010100000001100010110000
10111111101011101110011010111011
01000000010001100011001111100110
11000000100000000010100000101000
00111111101010011010110000101101
11000000011100000000011101010010
11000000100101001111100111101001
11000000100100101110111111000101
11000000100011101111011100111000
11000000011100010110101110111111
11000000100001011100001010100000
11000000001100011110000100100000
11000000011100010100110010100110
11000000000011110011010000111101
11000000001110010111001001111110
10111111101100011111001011111100
10111111111101101000011111010101
10111111001110111111011110001101
10111111111000000011011001010001
10111111000010001101011000011000
10111111101101001000110101101011
10111101110110011010010101011001
10111111100000111101100110011010
00111111001010001110010111110101
10111111001011100001011100100111
00111111100111111011011100000111
10111110111100001001110110011100
00111111110001011000011100111111
00111110001000110100010011101100
00111111111100000100011110011110
00111110110011101010100101011100
00111111111100111010110010010110
10111110101010000100111110000010
01000000000010110011110101001010
10111111001110000110001101100001
00111111111111011111111110011101
10111110010000101100011001001100
00111111100011100111011010001100
10111111001010110100000111110011
00111111011011000011001111000001
00111101011011101001111111010011
10111011100001111100001101010001
00111110100111111110100010011110
10111111000010000011011100111101
00111111001011101111000011100011
10111111101001000011001001010011
00111111100001000101000100010000
10111111110111000111111110110000
00111111100000101001101111110001
11000000000000101101100101011110
00111111010101101000001111010011
11000000000010100110101001100110
00111111110010101011111101000101
11000000001000111100110000000111
00111111110110001001110110000111
11000000000110101001000010010010
01000000000001111110000001001100
11000000001001000110111001011101
01000000000100111101100100100010
11000000001011011011011111011101
01000000000100101101001111110111
11000000001101000101111111010110
01000000000100010010000100000101
11000000001100010111000101111010
00111111111010001001101100110010
11000000001010011110000101100111
00111111100110100001010001010001
11000000000111001001001100000110
00111111001101110000010010101000
11000000000010011001011000101001
10111110100011100110001101011101
10111111110000011000111101000010
10111111010110000111011100101001
10111111100110110101100011111101
10111111110111000011011000011011
10111101011111010010000011100001
01000000110000001001111010101111
10111111010000101001001010100101
01000000111000010110001011000011
10111111101100010101100001001010
01000000010010101110101100000011
10111111101010000110111001110010
01000000100001010010000110010010
00111111100010001101111000001101
01000000000011111001000001100000
10111110100101010010011001010101
00111111100000110011111001011111
01000000000100111001000000111101
00111111010011111100111000111000
00111111101010000100111100110001
10111111011101001010001011000000
10111111101011000111010010011000
10111110001111100110100000000100
00111111000011110000101011101110
10111101000000011010000011111110
10111110110011100100000100100100
10111111011100110111011100110010
10111111110110100111100100000000
10111111000110001000000100001000
10111111110010111100100111011000
11000000000110111011111010000100
10111101101011001010100100101000
10111111101100100000110001110001
10111111000101111111000100011100
10111111111011000000001111011011
00111111001110101010101000010110
10111111011001011010111001010010
10111101101001111101011100010011
00111110110010110011111000000010
10111111011010011010111010101101
00111110000011101101110001000010
10111111110100011011000101101010
11000000010101101110110010111100
00111110101000010101101001001110
10111111100000111100011110010010
10111111011100000001010000010101
00111111110001110001101101101101
10111110001011101100101101101000
01000000011100100001111111100111
00111100111111010111000111000101
10111111100111111010011001010111
10111111100100111011101011111011
10111111110100010100100000010100
10111110110001100110001000101111
11000000000011110001000101000001
10111110000000100000011110110001
11000000000000001110100111000010
10111111010011011001001111011101
10111111011101000010111100101101
10111111000110101011110001001001
10111111000011011001011011001001
11000000001100001100111001001100
00111110111110000010100011101000
10111111000011100010011101001101
01000000001000010001001011100100
10111111010000111100101001000101
01000001000000011100001101100011
01000000100100011010011111011110
01000000100000110000010111000111
01000000011010010001000001110110
01000000001001010000000011000001
01000000001100110111101101001111
10111111010010100111001111010100
10111111011000111101110110100000
00111111101000011110111011001100
11000000010100010001111001101101
11000000010111101010100000000011
00111111100111100010010001100111
11000000100010000001010001101110
01000000001110001010101111001111
11000000101010001010111001001101
01000000100101010010001001010111
11000000010000101010011110111100
01000000001110101010101101100000
10111111110111110001110001100001
00111111110010100100011110111111
00111110010110111000011010110110
01000000001101000011110010111010
00111111010101111111111111100101
01000000000101010100010000101110
00111111100111101101000111000001
10111110100110011101100000000111
01000000001010110100111000101010
00111111110001100010110001100100
00111110111000000101010010010111
11000000000000000000001001010001
10111111111010111001101110010100
10111111001100101001010110001010
10111111011011100101100100101110
10111111111010110110100100011011
10111110110111011100010111010110
10111111111110001110001110011111
11000000001110100001110010100010
10111111111000011010110111110101
10111111001011100010010001000110
11000000101100010111101011011110
10111111000111110100111010111010
11000000010111111100011011010010
00111111001001101001101111111101
10111111101101001100000110000100
00111110100001000110011111100001
00111111101010000000000000010011
00111111010000110011000101001000
11000000000110011010111001111110
00111101101001110010001000101110
10111111010111111101010110100001
10111111011010101101000101010001
10111110100000111100110001100111
10111111010101101100111011000111
10111111001000100101111100101011
10111111100111111111111101011011
00111110001010000011110010010010
10111111110000111001010111011011
10111111010000000101101111110110
00111101011101111001011010110000
10111111111010011010011011101110
10111110101111111010011001011001
10111110101010000001010001111011
00111110111110011001010010001000
00111111101011000101111011101111
01000000010011001100100011101101
01000000000100010011111101000001
01000000001110000001110101111110
01000000100110101111101001011001
00111111101001000110011000101111
00111111101111010000000011100110
00111111001010010001111111100101
00111111100110101111001111011100
00111111010010001001111110100001
01000000010011110001011100111000
00111110101101000110111011101011
01000000001110010100110101001101
00111101111110001000010111010111
00111100010010010100110011001101
11000000000111101101001011110011
10111111100010001101001100101011
11000000101000100100110111100111
11000000100001000000001110010001
11000000011001111100011001111100
00111110001010011101011011010010
11000000000010101100001011101011
00111111100001111100110111000001
01000000000101110010100010111111
00111111010100101000011000000011
11000000010011000010111011101111
10111111011100000110101011111110
01000000001100000100011101010011
00111111010001110111110010001100
00111101100101001000010111111100
10111111100011000101000110001101
10111111101111110001011001011010
11000000010011110101110100001001
01000000010010101010110101111010
10111111111010001011110111111111
01000000110110010010010100010000
00111111111011101011101001100111
01000001001000001110101010100110
01000000000001011000000101110111
01000000001101000010101110001010
00111111101001111111100110101000
11000000001101110100100000111110
10111111110000001011111000000111
11000000100011100101111101111100
11000000000110010111111010000100
11000000011101011101010000010101
11000000001110001000110100010011
10111111101100100010001011111101
11000000011011010000011000101010
01000000100101001100010100010011
11000000010010111101011100110111
00111111000101100101001010100010
11000000011000011110110000010100
11000000011101000101101101110000
00111111101100111110110000000100
11000000111000101000101010000010
10111111111001001101011000011010
11000001000001010100000100011101
10111111000000000110000111100101
10111111101100111100001010111001
00111111010000011011011010010100
10111111110100000100001100010110
00111111110010010001110110001111
01000000011010011111110111010010
01000000100000000110110010010100
00111111011010011101000000001100
01000000010011111111101011111000
01000000000001101110110000010110
01000000100011000100111011010010
11000000000000010110010110000010
01000000000010011001100101011100
11000000101011011100110111111010
01000000010000000010110100101111
11000000011010110010111100111101
00111111110110101010001000101101
11000000010100100111100110100110
10111111001000110110100111110110
00111110110001000100110100111010
10111111101000011100101000101101
01000000101011000110001110100100
10111111101111011100000001001010
01000001000100000100011001001010
10111111110010010010011100011101
01000000111001011110100101011000
10111111100011101011100010101011
10111110000111111010111000000111
00111101000100110001101111110110
11000001010011010110011110100000
11000000110110001100000111011010
00111111100101110111010111011111
11000000100110000101001111010110
01000000110110111011011100000010
11000000100010110111011011001011
01000000111101000110101011101011
11000000110001011001000000111100
01000000100100101110010000000010
11000000110001001100100111000000
00111111010001001000000010011001
11000001000001111010110110011010
10111111110010110000010000100110
11000000001110110000001111111010
11000000000011110110001001011101
01000000000110101111101010110101
11000000110101101011010101001011
00111110100010110001000011101110
01000000110001111011001010110111
11000000010101010001011100011100
01000000100111100011011001100000
00111111100000101001000111001100
00111111010100100010011100111011
01000000010100101011100001010111
01000000001000011101110000001011
00111111100001000100001010010100
00111111011010111111010111100101
01000000011110001011111101001001
01000000001000111001111010011010
11000000000101001011010100000111
01000000000100100000100111010101
01000000001111011110010001100011
00111111110100111011100010010011
10111111011101101111101110110001
11000000100011010010000001110110
01000000101001010011111001001110
00111111111101100101010100110110
11000000011010100101000100111011
11000000000110000000110010000011
10111111101000110100111110010111
11000001000010110101100111000100
11000000011101111010001101111000
11000000010010111110101001000000
11000000000111010001000101010001
00111111111100100100001110101110
01000000001111000101001010001011
00111111111110010111010011100100
01000000010100010001110101111011
01000000011101000101110111010111
00111110100110011001101100111101
11000000000010101101100111000101
11000000010100001001111100010101
11000000011111010101011000110000
11000000010111000110101000101101
10111111000110011010000001001001
11000000011010001100000100111011
01000000100101000000001000010101
10111111100011010110111010000101
01000000101010100111111011100010
00111111000000100000101011001111
01000000000110001010001100100001
00111111100001111011000001011111
10111111100010010011000110011000
10111111100010011001001101110001
10111111111111101101100101111101
10111111110000001101100001010010
11000000000000001000101011111100
11000000000010100011100001000111
10111110111011010010110011111100
11000000101010111010000010010011
10111110111011110101011000001011
11000000010010111011010101000101
00111111011001111110100101010110
10111111110011001001000001101011
00111111100010001101001001000011
11000000001101011111010101111000
00111111100011000100001011110110
10111111010110100011101001000111
00111101100100011101100000111001
10111110100100111111110010011100
00111101101100001101111001000011
00111111000010011010111101100001
10111111100110100011111000100000
00111111000101110000100010000110
10111111101000111011010011000100
10111101100100010101011110110101
11000000101101111001110111001010
01000000001111000111111111000010
11000000110010010100110100101100
01000000010000010110001100010011
11000000101000010101011111000100
01000000000010001010001000001010
11000000001101000011110101100101
00111111010110000011101100011001
10111111100110100100100110110111
00111100111010101000101111000001
10111110100111101011000010010100
10111111100100011100001000011101
00111111011010000101000101100010
10111111111010001000010111100010
00111110111001101101111111010000
10111111110011111101001000100110
00111111100101101101110111111001
10111111100011101000001101111100
00111111111111111101100011111111
00111101011000000100110111000100
01000000001110111101100001111000
00111111011110011000011101001010
01000000011001110111111011001000
00111111100001101000101100001010
01000000010011101110000110010001
00111111100101110100110101000000
01000000001010110001111011110110
00111111100100111000000001100011
00111111100011000110010110100101
00111111010111001011010100001001
00111110011010100101101001010001
00111111011111111100011001110110
10111111001011110000011000101101
00111111011000001011100011100100
10111111101000100110000111101001
00111111001110010000100110110101
10111111101000110011010110111100
00111111011000110110110000111110
10111111100111011110101111001100
00111110101101011011000011100111
10111111110010100101010101011111
10111111010110010011100111011010
10111111001001011001011101100101
00111101100100010101111011011100
10111110001111111000010000111101
00111110011100000011111000000100
10111111010010100110101100110100
10111110111110111100111111110111
10111111100100101100001011101010
10111111010010011000100001110000
11000000010110011100110100110101
11000000011100011010101110111010
11000000001100100110011000010101
11000000100010100000110000110100
11000001000101110101111010010001
11000001101101101101000110101111
10111111111101101000010101101001
01000001010110100110111010010111
01000001001001001001001010101010
01000001000110000111011110111100
01000000110110001010010101111110
01000000110111001110110111010110
00111111001001001111001100111001
01000000000000001010101001001000
11000000111000011100010100010010
01000000011011000010010100101111
00111111110101011001111001110101
11000000111100000000010100100011
00111111001010001100110010010000
11000000101111110111110111110111
10111111111001101110110110110000
11000000111110110011101111100010
10111111101010101011001100010011
10111111101000000010010110101001
11000000111010101010100111101110
01000000000010001001101011010101
01000001000001111001101111000001
01000001001101010010011000001101
00111111001001111001101110001001
11000000100100111101011111011110
01000000001010100100111111001000
11000000000100110011011010010000
11000000000000000001010011101100
11000000011010100011111110000100
11000000011001001011110001011011
11000000100001011101010111110100
01000000000111000011111111101010
01000000101111111010100100000011
11000000100010101011100011011000
11000001000101000010010110111111
11000000010111101100111101001100
01000001000001010110011010000001
10111111110000011101110001001010
01000000000001000100010001101001
01000000101111100001011111110101
10111110101001010111001011111100
00111111110101110100010011100000
10111111101011011000011110101101
01000000100111101100100111001101
11000000011110010100110101000001
11000000100101010001001011011011
01000000000001011011100010110101
11000000010111000001010010111110
11000000000111110101100111111011
00111111111111101111010000100001
10111100111000001001000110110011
10111111001110001011011011110101
01000000100100001010100111000110
11000000010100011111100001101111
01000001000010110100111100011111
01000000010100010010010111011001
11000001000011001100011101100000
01000000000111100100011000001110
10111110011010110010001001011001
10111111100100111111010000111111
10111111110100010010110110110011
11000000101010111100101101100001
11000000100101111001000110010100
11000000110001101000000110010111
10111111111110000111000011001011
01000000100110111001001010010011
01000000101100111000011101010000
00111111010000010110111010001101
11000000011100111100000110010110
11000000101110000100000001110011
11000000101100111010010011001101
11000000101100000011011100010101
11000000101111001001101110101111
11000000100100010010110100101000
11000000100100010000010000100001
11000000100010011010001100111100
11000000001100000010001000001101
11000000001011010000101110010010
10111101100101110100111101000001
10111111001000111001010110111001
10111111101111101000110101111010
00111111111100110011111000110100
00111111100111101110101000110100
00111111100110100011001000000101
00111111111011110111101010001110
10111100110001010100000000000110
01000000000111110001100000001000
10111111111010010100001011100110
01000000001000011001001001000110
00111111000010001111111110111000
00111111111101011111110110111010
00111111001000010101101011001100
00111111110000111011111001111100
00111111100111000001100000000111
00111111011001100111000101001001
00111111100010010100101111011111
10111110111000111010100011100111
00111111000101111100010010011010
10111111110100111100110000110001
00111111100010001110101001111011
11000000000010011010101111001100
00111111101000000110000001001010
10111111111001001111000000011100
00111111101011000010111110011110
10111111100010000010110001101100
00111101100010000110010111110110
10111111011101011011010101011101
10111111110100011100000000100101
00111111101100110100110010011001
10111111111000110010011110100110
00111111110010011011111101001111
10111111111011011010100011100110
01000000000110001011101101110000
10111011111000100011001010001101
00111110011011011010101101010010
10111100011101010011101010111110
00111111100010101100111010101000
00111111100101010011001010010001
00111111011011100100010000110100
10111111011010111111010111100000
00111111110111100110011101100101
00111110110111011100000110100001
00111111110110101010000100111001
00111110110010001000000011001111
00111111111010011011011110001101
10111110111001001110001101100111
00111111101111100100010010000001
10111111101010111001010011001010
00111111110001111100110110101011
11000000001010111000110001000011
00111111110011111100001000110011
11000000100000111101001001000110
00111111101110100111000100010111
11000000101000000100101011100111
00111111100001111010101110110010
11000000101101010011001101100111
00111111000101100100111101101111
11000000101000111001000101000000
00111111000001100101000001010100